0 0.084167 0.513750 0.046667 0.057500
0 0.179583 0.769375 0.034167 0.051250
0 0.147083 0.936250 0.064167 0.070000
0 0.281667 0.790625 0.043333 0.048750
0 0.402917 0.789375 0.040833 0.033750
0 0.712917 0.868750 0.035833 0.067500
0 0.907083 0.518750 0.029167 0.052500
0 0.849583 0.421250 0.029167 0.030000
0 0.680000 0.454375 0.035000 0.033750
0 0.629167 0.440000 0.031667 0.045000
0 0.489167 0.500625 0.026667 0.051250
0 0.225417 0.308750 0.019167 0.030000
0 0.552500 0.410625 0.031667 0.016250
0 0.474167 0.371875 0.020000 0.026250
