0 0.119271 0.191228 0.086458 0.084211
0 0.220312 0.180702 0.069792 0.073684
0 0.280729 0.150000 0.059375 0.068421
0 0.367708 0.187719 0.064583 0.105263
0 0.395833 0.119298 0.058333 0.049123
0 0.443750 0.181579 0.060417 0.078947
0 0.486979 0.138596 0.059375 0.063158
0 0.535937 0.200877 0.059375 0.078947
0 0.584896 0.175439 0.061458 0.077193
0 0.623958 0.200000 0.062500 0.070175
0 0.711979 0.221930 0.078125 0.082456
0 0.788542 0.160526 0.075000 0.064912
0 0.909896 0.173684 0.092708 0.080702
1 0.646354 0.413158 0.109375 0.261404
1 0.546354 0.415789 0.140625 0.266667
1 0.347917 0.405263 0.135417 0.308772
1 0.227604 0.435965 0.115625 0.289474
1 0.120313 0.457018 0.182292 0.338596
1 0.276042 0.268421 0.070833 0.108772
1 0.405729 0.807018 0.255208 0.350877
