0 0.620046 0.179022 0.038484 0.031546
0 0.564905 0.006112 0.043079 0.011435
0 0.635267 0.522279 0.034463 0.050079
0 0.695721 0.722200 0.043940 0.028785
0 0.885267 0.670150 0.030729 0.022476
0 0.586588 0.950907 0.032453 0.028785
0 0.545807 0.422121 0.035325 0.047713
0 0.608558 0.628943 0.032740 0.039432
1 0.379236 0.743099 0.073808 0.099763
1 0.693280 0.793770 0.050546 0.093060
1 0.624785 0.695781 0.055428 0.105284
1 0.559305 0.481467 0.052556 0.078864
1 0.623492 0.241916 0.048823 0.083991
1 0.558731 0.073738 0.055428 0.086751
